(kicad_pcb (version 3) (host pcbnew "(2013-mar-13)-testing")

  (general
    (links 149)
    (no_connects 1)
    (area 100.457 47.8917 161.7345 105.537001)
    (thickness 1.6)
    (drawings 7)
    (tracks 743)
    (zones 0)
    (modules 75)
    (nets 54)
  )

  (page A4)
  (layers
    (15 F.Cu signal)
    (0 B.Cu signal)
    (16 B.Adhes user)
    (17 F.Adhes user)
    (18 B.Paste user)
    (19 F.Paste user)
    (20 B.SilkS user)
    (21 F.SilkS user)
    (22 B.Mask user)
    (23 F.Mask user)
    (24 Dwgs.User user)
    (25 Cmts.User user)
    (26 Eco1.User user)
    (27 Eco2.User user)
    (28 Edge.Cuts user)
  )

  (setup
    (last_trace_width 0.254)
    (user_trace_width 0.254)
    (user_trace_width 0.508)
    (user_trace_width 1.27)
    (trace_clearance 0.254)
    (zone_clearance 0.254)
    (zone_45_only no)
    (trace_min 0.254)
    (segment_width 0.2)
    (edge_width 0.1)
    (via_size 0.762)
    (via_drill 0.381)
    (via_min_size 0.762)
    (via_min_drill 0.381)
    (uvia_size 0.508)
    (uvia_drill 0.127)
    (uvias_allowed no)
    (uvia_min_size 0.508)
    (uvia_min_drill 0.127)
    (pcb_text_width 0.3)
    (pcb_text_size 0.8128 0.8128)
    (mod_edge_width 0.15)
    (mod_text_size 0.8128 0.8128)
    (mod_text_width 0.15)
    (pad_size 4.064 5)
    (pad_drill 0)
    (pad_to_mask_clearance 0)
    (aux_axis_origin 0 0)
    (visible_elements FFFFFF1F)
    (pcbplotparams
      (layerselection 284196865)
      (usegerberextensions true)
      (excludeedgelayer true)
      (linewidth 0.150000)
      (plotframeref false)
      (viasonmask false)
      (mode 1)
      (useauxorigin false)
      (hpglpennumber 1)
      (hpglpenspeed 20)
      (hpglpendiameter 15)
      (hpglpenoverlay 2)
      (psnegative false)
      (psa4output false)
      (plotreference true)
      (plotvalue false)
      (plotothertext false)
      (plotinvisibletext false)
      (padsonsilk true)
      (subtractmaskfromsilk false)
      (outputformat 1)
      (mirror false)
      (drillshape 0)
      (scaleselection 1)
      (outputdirectory gerbers/))
  )

  (net 0 "")
  (net 1 //RE)
  (net 2 /A)
  (net 3 /AMBIENT_TEMP)
  (net 4 /AREF)
  (net 5 /B)
  (net 6 /FB)
  (net 7 /MISO)
  (net 8 /MOSI)
  (net 9 /RESET)
  (net 10 /RX)
  (net 11 /SCK)
  (net 12 /SCL)
  (net 13 /SDA)
  (net 14 /TERMINATOR)
  (net 15 /THERMOCOUPLE+)
  (net 16 /THERMOCOUPLE-)
  (net 17 /TX)
  (net 18 /VIN)
  (net 19 /VTHERMO_FILTERED)
  (net 20 GND)
  (net 21 N-0000010)
  (net 22 N-0000011)
  (net 23 N-0000018)
  (net 24 N-000002)
  (net 25 N-0000020)
  (net 26 N-0000021)
  (net 27 N-0000024)
  (net 28 N-0000026)
  (net 29 N-0000027)
  (net 30 N-0000028)
  (net 31 N-000003)
  (net 32 N-0000031)
  (net 33 N-0000032)
  (net 34 N-0000034)
  (net 35 N-0000035)
  (net 36 N-0000036)
  (net 37 N-0000037)
  (net 38 N-000004)
  (net 39 N-0000041)
  (net 40 N-0000042)
  (net 41 N-0000043)
  (net 42 N-0000044)
  (net 43 N-0000045)
  (net 44 N-0000046)
  (net 45 N-0000047)
  (net 46 N-000005)
  (net 47 N-0000051)
  (net 48 N-0000052)
  (net 49 N-0000053)
  (net 50 N-000006)
  (net 51 VAA)
  (net 52 VCC)
  (net 53 VDD)

  (net_class Default "This is the default net class."
    (clearance 0.254)
    (trace_width 0.254)
    (via_dia 0.762)
    (via_drill 0.381)
    (uvia_dia 0.508)
    (uvia_drill 0.127)
    (add_net "")
    (add_net //RE)
    (add_net /A)
    (add_net /AMBIENT_TEMP)
    (add_net /B)
    (add_net /FB)
    (add_net /MISO)
    (add_net /MOSI)
    (add_net /RESET)
    (add_net /RX)
    (add_net /SCK)
    (add_net /SCL)
    (add_net /SDA)
    (add_net /TERMINATOR)
    (add_net /THERMOCOUPLE+)
    (add_net /THERMOCOUPLE-)
    (add_net /TX)
    (add_net /VIN)
    (add_net /VTHERMO_FILTERED)
    (add_net GND)
    (add_net N-0000010)
    (add_net N-0000011)
    (add_net N-0000018)
    (add_net N-000002)
    (add_net N-0000020)
    (add_net N-0000021)
    (add_net N-0000024)
    (add_net N-0000026)
    (add_net N-0000027)
    (add_net N-0000028)
    (add_net N-000003)
    (add_net N-0000031)
    (add_net N-0000032)
    (add_net N-0000034)
    (add_net N-0000035)
    (add_net N-0000036)
    (add_net N-0000037)
    (add_net N-000004)
    (add_net N-0000041)
    (add_net N-0000042)
    (add_net N-0000043)
    (add_net N-0000044)
    (add_net N-0000045)
    (add_net N-0000046)
    (add_net N-0000047)
    (add_net N-000005)
    (add_net N-0000051)
    (add_net N-0000052)
    (add_net N-0000053)
    (add_net N-000006)
  )

  (net_class power ""
    (clearance 0.254)
    (trace_width 1.27)
    (via_dia 0.762)
    (via_drill 0.381)
    (uvia_dia 0.508)
    (uvia_drill 0.127)
    (add_net /AREF)
    (add_net VAA)
    (add_net VCC)
    (add_net VDD)
  )

  (module 1PIN_SMD (layer B.Cu) (tedit 51B02908) (tstamp 5197F2DD)
    (at 124.3965 67.31 90)
    (descr "module 1 pin (ou trou mecanique de percage)")
    (tags DEV)
    (path 1pin)
    (fp_text reference 1PIN_SMD (at 0 3.50012 90) (layer B.SilkS)
      (effects (font (size 1.016 1.016) (thickness 0.254)) (justify mirror))
    )
    (fp_text value P*** (at 0.24892 -3.74904 90) (layer B.SilkS)
      (effects (font (size 1.016 1.016) (thickness 0.254)) (justify mirror))
    )
    (pad 1 smd rect (at 0 0 90) (size 4.064 5)
      (layers B.Cu B.Paste B.SilkS B.Mask)
      (net 15 /THERMOCOUPLE+)
    )
    (pad 1 thru_hole circle (at 0 0 90) (size 2 2) (drill 0.9)
      (layers *.Cu *.Mask B.SilkS)
      (net 15 /THERMOCOUPLE+)
    )
  )

  (module 1PIN_SMD (layer B.Cu) (tedit 51B028CB) (tstamp 5197F2CA)
    (at 140.843 67.31 270)
    (descr "module 1 pin (ou trou mecanique de percage)")
    (tags DEV)
    (path 1pin)
    (fp_text reference 1PIN_SMD (at 0 3.50012 270) (layer B.SilkS)
      (effects (font (size 1.016 1.016) (thickness 0.254)) (justify mirror))
    )
    (fp_text value P*** (at 0.24892 -3.74904 270) (layer B.SilkS)
      (effects (font (size 1.016 1.016) (thickness 0.254)) (justify mirror))
    )
    (pad 1 smd rect (at 0 0 270) (size 4.064 5)
      (layers B.Cu B.Paste B.Mask)
      (net 16 /THERMOCOUPLE-)
    )
    (pad 2 thru_hole circle (at 0 0 270) (size 2 2) (drill 0.9)
      (layers *.Cu *.Mask B.SilkS)
      (net 16 /THERMOCOUPLE-)
    )
  )

  (module sc70 (layer F.Cu) (tedit 51A5A7E3) (tstamp 518F548F)
    (at 146.685 67.056 270)
    (descr SC70)
    (path /518EC02F)
    (attr smd)
    (fp_text reference D???1 (at 0 -0.3302 270) (layer F.SilkS)
      (effects (font (size 0.29972 0.29972) (thickness 0.06096)))
    )
    (fp_text value ADR5045 (at 0 0.3302 270) (layer F.SilkS) hide
      (effects (font (size 0.29972 0.29972) (thickness 0.06096)))
    )
    (fp_line (start 0 -0.6477) (end 0 -1.2065) (layer F.SilkS) (width 0.127))
    (fp_line (start 0.6477 0.6477) (end 0.6477 1.2065) (layer F.SilkS) (width 0.127))
    (fp_line (start -0.6477 0.6477) (end -0.6477 1.2065) (layer F.SilkS) (width 0.127))
    (fp_line (start -1.1049 -0.6477) (end 1.1049 -0.6477) (layer F.SilkS) (width 0.127))
    (fp_line (start 1.1049 -0.6477) (end 1.1049 0.6477) (layer F.SilkS) (width 0.127))
    (fp_line (start 1.1049 0.6477) (end -1.1049 0.6477) (layer F.SilkS) (width 0.127))
    (fp_line (start -1.1049 0.6477) (end -1.1049 -0.6477) (layer F.SilkS) (width 0.127))
    (pad 1 smd rect (at -0.6604 1.016 270) (size 0.4572 0.7112)
      (layers F.Cu F.Paste F.Mask)
      (net 48 N-0000052)
    )
    (pad 2 smd rect (at 0.6604 1.016 270) (size 0.4572 0.7112)
      (layers F.Cu F.Paste F.Mask)
      (net 20 GND)
    )
    (pad 3 smd rect (at 0 -1.016 270) (size 0.4572 0.7112)
      (layers F.Cu F.Paste F.Mask)
      (net 49 N-0000053)
    )
    (model smd/smd_transistors/sc70.wrl
      (at (xyz 0 0 0))
      (scale (xyz 1 1 1))
      (rotate (xyz 0 0 0))
    )
  )

  (module SM0603_Resistor (layer F.Cu) (tedit 51A283B9) (tstamp 519BCB2B)
    (at 125.476 52.832 180)
    (path /5199E4DE)
    (attr smd)
    (fp_text reference R13 (at 2.794 0 180) (layer F.SilkS)
      (effects (font (size 0.8128 0.8128) (thickness 0.1524)))
    )
    (fp_text value "100k 1%" (at 0.127 -1.143 180) (layer F.SilkS)
      (effects (font (size 0.508 0.4572) (thickness 0.1143)))
    )
    (fp_line (start -0.50038 -0.6985) (end -1.2065 -0.6985) (layer F.SilkS) (width 0.127))
    (fp_line (start -1.2065 -0.6985) (end -1.2065 0.6985) (layer F.SilkS) (width 0.127))
    (fp_line (start -1.2065 0.6985) (end -0.50038 0.6985) (layer F.SilkS) (width 0.127))
    (fp_line (start 1.2065 -0.6985) (end 0.50038 -0.6985) (layer F.SilkS) (width 0.127))
    (fp_line (start 1.2065 -0.6985) (end 1.2065 0.6985) (layer F.SilkS) (width 0.127))
    (fp_line (start 1.2065 0.6985) (end 0.50038 0.6985) (layer F.SilkS) (width 0.127))
    (pad 1 smd rect (at -0.762 0 180) (size 0.635 1.143)
      (layers F.Cu F.Paste F.Mask)
      (net 46 N-000005)
    )
    (pad 2 smd rect (at 0.762 0 180) (size 0.635 1.143)
      (layers F.Cu F.Paste F.Mask)
      (net 4 /AREF)
    )
    (model smd\resistors\R0603.wrl
      (at (xyz 0 0 0.001))
      (scale (xyz 0.5 0.5 0.5))
      (rotate (xyz 0 0 0))
    )
  )

  (module SM0603_Capa (layer B.Cu) (tedit 51A2809E) (tstamp 519A15DB)
    (at 125.476 52.832)
    (path /519A078F)
    (attr smd)
    (fp_text reference C20 (at 1.905 0 270) (layer B.SilkS)
      (effects (font (size 0.508 0.4572) (thickness 0.1143)) (justify mirror))
    )
    (fp_text value 100nF (at -1.651 0 270) (layer B.SilkS)
      (effects (font (size 0.508 0.4572) (thickness 0.1143)) (justify mirror))
    )
    (fp_line (start 0.50038 -0.65024) (end 1.19888 -0.65024) (layer B.SilkS) (width 0.11938))
    (fp_line (start -0.50038 -0.65024) (end -1.19888 -0.65024) (layer B.SilkS) (width 0.11938))
    (fp_line (start 0.50038 0.65024) (end 1.19888 0.65024) (layer B.SilkS) (width 0.11938))
    (fp_line (start -1.19888 0.65024) (end -0.50038 0.65024) (layer B.SilkS) (width 0.11938))
    (fp_line (start 1.19888 0.635) (end 1.19888 -0.635) (layer B.SilkS) (width 0.11938))
    (fp_line (start -1.19888 -0.635) (end -1.19888 0.635) (layer B.SilkS) (width 0.11938))
    (pad 1 smd rect (at -0.762 0) (size 0.635 1.143)
      (layers B.Cu B.Paste B.Mask)
      (net 4 /AREF)
    )
    (pad 2 smd rect (at 0.762 0) (size 0.635 1.143)
      (layers B.Cu B.Paste B.Mask)
      (net 20 GND)
    )
    (model smd\capacitors\C0603.wrl
      (at (xyz 0 0 0.001))
      (scale (xyz 0.5 0.5 0.5))
      (rotate (xyz 0 0 0))
    )
  )

  (module SM0805 (layer B.Cu) (tedit 5091495C) (tstamp 519FE1C7)
    (at 120.4468 87.0204 180)
    (path /519FDDA0)
    (attr smd)
    (fp_text reference D5 (at 0 0.3175 180) (layer B.SilkS)
      (effects (font (size 0.50038 0.50038) (thickness 0.10922)) (justify mirror))
    )
    (fp_text value LED (at 0 -0.381 180) (layer B.SilkS)
      (effects (font (size 0.50038 0.50038) (thickness 0.10922)) (justify mirror))
    )
    (fp_circle (center -1.651 -0.762) (end -1.651 -0.635) (layer B.SilkS) (width 0.09906))
    (fp_line (start -0.508 -0.762) (end -1.524 -0.762) (layer B.SilkS) (width 0.09906))
    (fp_line (start -1.524 -0.762) (end -1.524 0.762) (layer B.SilkS) (width 0.09906))
    (fp_line (start -1.524 0.762) (end -0.508 0.762) (layer B.SilkS) (width 0.09906))
    (fp_line (start 0.508 0.762) (end 1.524 0.762) (layer B.SilkS) (width 0.09906))
    (fp_line (start 1.524 0.762) (end 1.524 -0.762) (layer B.SilkS) (width 0.09906))
    (fp_line (start 1.524 -0.762) (end 0.508 -0.762) (layer B.SilkS) (width 0.09906))
    (pad 1 smd rect (at -0.9525 0 180) (size 0.889 1.397)
      (layers B.Cu B.Paste B.Mask)
      (net 29 N-0000027)
    )
    (pad 2 smd rect (at 0.9525 0 180) (size 0.889 1.397)
      (layers B.Cu B.Paste B.Mask)
      (net 31 N-000003)
    )
    (model smd/led_0805.wrl
      (at (xyz 0 0 0))
      (scale (xyz 0.5 0.5 0.5))
      (rotate (xyz 0 0 0))
    )
  )

  (module SM0805 (layer B.Cu) (tedit 5091495C) (tstamp 519FE1BA)
    (at 120.4468 84.7852 180)
    (path /519FDDAD)
    (attr smd)
    (fp_text reference D4 (at 0 0.3175 180) (layer B.SilkS)
      (effects (font (size 0.50038 0.50038) (thickness 0.10922)) (justify mirror))
    )
    (fp_text value LED (at 0 -0.381 180) (layer B.SilkS)
      (effects (font (size 0.50038 0.50038) (thickness 0.10922)) (justify mirror))
    )
    (fp_circle (center -1.651 -0.762) (end -1.651 -0.635) (layer B.SilkS) (width 0.09906))
    (fp_line (start -0.508 -0.762) (end -1.524 -0.762) (layer B.SilkS) (width 0.09906))
    (fp_line (start -1.524 -0.762) (end -1.524 0.762) (layer B.SilkS) (width 0.09906))
    (fp_line (start -1.524 0.762) (end -0.508 0.762) (layer B.SilkS) (width 0.09906))
    (fp_line (start 0.508 0.762) (end 1.524 0.762) (layer B.SilkS) (width 0.09906))
    (fp_line (start 1.524 0.762) (end 1.524 -0.762) (layer B.SilkS) (width 0.09906))
    (fp_line (start 1.524 -0.762) (end 0.508 -0.762) (layer B.SilkS) (width 0.09906))
    (pad 1 smd rect (at -0.9525 0 180) (size 0.889 1.397)
      (layers B.Cu B.Paste B.Mask)
      (net 28 N-0000026)
    )
    (pad 2 smd rect (at 0.9525 0 180) (size 0.889 1.397)
      (layers B.Cu B.Paste B.Mask)
      (net 24 N-000002)
    )
    (model smd/led_0805.wrl
      (at (xyz 0 0 0))
      (scale (xyz 0.5 0.5 0.5))
      (rotate (xyz 0 0 0))
    )
  )

  (module hole3mm   locked (layer F.Cu) (tedit 51A06397) (tstamp 5197E48B)
    (at 108.204 75.438)
    (fp_text reference "" (at 0 2.54) (layer F.SilkS)
      (effects (font (size 1 1) (thickness 0.15)))
    )
    (fp_text value "" (at 0 3.81) (layer F.SilkS)
      (effects (font (size 1 1) (thickness 0.15)))
    )
    (pad "" np_thru_hole circle (at 1.108 0.14) (size 3.1 3.1) (drill 3)
      (layers *.Cu *.Mask F.SilkS)
      (clearance 1)
    )
  )

  (module MSOP_8 (layer F.Cu) (tedit 48A96A8A) (tstamp 518F7033)
    (at 132.9055 62.2935)
    (path /518E9DC9)
    (fp_text reference U1 (at 0 0.635) (layer F.SilkS)
      (effects (font (size 1.00076 1.00076) (thickness 0.1524)))
    )
    (fp_text value AD8237 (at 0 -0.762) (layer F.SilkS)
      (effects (font (size 1.00076 1.00076) (thickness 0.127)))
    )
    (fp_line (start -0.3175 1.5875) (end -1.5875 0.381) (layer F.SilkS) (width 0.2032))
    (fp_line (start -1.5875 1.5875) (end 1.5875 1.5875) (layer F.SilkS) (width 0.2032))
    (fp_line (start 1.5875 1.5875) (end 1.5875 -1.5875) (layer F.SilkS) (width 0.2032))
    (fp_line (start 1.5875 -1.5875) (end -1.5875 -1.5875) (layer F.SilkS) (width 0.2032))
    (fp_line (start -1.5875 -1.5875) (end -1.5875 1.5875) (layer F.SilkS) (width 0.2032))
    (pad 1 smd rect (at -0.97536 2.159) (size 0.381 1.27)
      (layers F.Cu F.Paste F.Mask)
      (net 20 GND)
    )
    (pad 2 smd rect (at -0.32512 2.159) (size 0.381 1.27)
      (layers F.Cu F.Paste F.Mask)
      (net 38 N-000004)
    )
    (pad 3 smd rect (at 0.32512 2.159) (size 0.381 1.27)
      (layers F.Cu F.Paste F.Mask)
      (net 22 N-0000011)
    )
    (pad 4 smd rect (at 0.97536 2.159) (size 0.381 1.27)
      (layers F.Cu F.Paste F.Mask)
      (net 20 GND)
    )
    (pad 5 smd rect (at 0.97536 -2.159) (size 0.381 1.27)
      (layers F.Cu F.Paste F.Mask)
      (net 51 VAA)
    )
    (pad 6 smd rect (at 0.32512 -2.159) (size 0.381 1.27)
      (layers F.Cu F.Paste F.Mask)
      (net 27 N-0000024)
    )
    (pad 7 smd rect (at -0.32512 -2.159) (size 0.381 1.27)
      (layers F.Cu F.Paste F.Mask)
      (net 6 /FB)
    )
    (pad 8 smd rect (at -0.97536 -2.159) (size 0.381 1.27)
      (layers F.Cu F.Paste F.Mask)
      (net 36 N-0000036)
    )
    (model smd/MSOP_8.wrl
      (at (xyz 0 0 0.001))
      (scale (xyz 0.3937 0.3937 0.3937))
      (rotate (xyz 0 0 0))
    )
  )

  (module sot23 (layer F.Cu) (tedit 518F9E6B) (tstamp 518F9FB6)
    (at 128.143 62.611 180)
    (descr SOT23)
    (path /518EA36D)
    (attr smd)
    (fp_text reference U2 (at 0 0 180) (layer F.SilkS)
      (effects (font (size 0.50038 0.50038) (thickness 0.09906)))
    )
    (fp_text value TC1047 (at 0 0.09906 180) (layer F.SilkS) hide
      (effects (font (size 0.50038 0.50038) (thickness 0.09906)))
    )
    (fp_line (start 0.9525 0.6985) (end 0.9525 1.3589) (layer F.SilkS) (width 0.127))
    (fp_line (start -0.9525 0.6985) (end -0.9525 1.3589) (layer F.SilkS) (width 0.127))
    (fp_line (start 0 -0.6985) (end 0 -1.3589) (layer F.SilkS) (width 0.127))
    (fp_line (start -1.4986 -0.6985) (end 1.4986 -0.6985) (layer F.SilkS) (width 0.127))
    (fp_line (start 1.4986 -0.6985) (end 1.4986 0.6985) (layer F.SilkS) (width 0.127))
    (fp_line (start 1.4986 0.6985) (end -1.4986 0.6985) (layer F.SilkS) (width 0.127))
    (fp_line (start -1.4986 0.6985) (end -1.4986 -0.6985) (layer F.SilkS) (width 0.127))
    (pad 1 smd rect (at -0.9525 1.05664 180) (size 0.59944 1.00076)
      (layers F.Cu F.Paste F.Mask)
      (net 51 VAA)
    )
    (pad 3 smd rect (at 0 -1.05664 180) (size 0.59944 1.00076)
      (layers F.Cu F.Paste F.Mask)
      (net 20 GND)
    )
    (pad 2 smd rect (at 0.9525 1.05664 180) (size 0.59944 1.00076)
      (layers F.Cu F.Paste F.Mask)
      (net 37 N-0000037)
    )
    (model smd/smd_transistors/sot23.wrl
      (at (xyz 0 0 0))
      (scale (xyz 1 1 1))
      (rotate (xyz 0 0 0))
    )
  )

  (module SM0603_Capa (layer F.Cu) (tedit 5051B1EC) (tstamp 518F53CF)
    (at 150.241 67.564 180)
    (path /518EC109)
    (attr smd)
    (fp_text reference C2 (at 0 0 270) (layer F.SilkS)
      (effects (font (size 0.508 0.4572) (thickness 0.1143)))
    )
    (fp_text value 100nF (at -1.651 0 270) (layer F.SilkS)
      (effects (font (size 0.508 0.4572) (thickness 0.1143)))
    )
    (fp_line (start 0.50038 0.65024) (end 1.19888 0.65024) (layer F.SilkS) (width 0.11938))
    (fp_line (start -0.50038 0.65024) (end -1.19888 0.65024) (layer F.SilkS) (width 0.11938))
    (fp_line (start 0.50038 -0.65024) (end 1.19888 -0.65024) (layer F.SilkS) (width 0.11938))
    (fp_line (start -1.19888 -0.65024) (end -0.50038 -0.65024) (layer F.SilkS) (width 0.11938))
    (fp_line (start 1.19888 -0.635) (end 1.19888 0.635) (layer F.SilkS) (width 0.11938))
    (fp_line (start -1.19888 0.635) (end -1.19888 -0.635) (layer F.SilkS) (width 0.11938))
    (pad 1 smd rect (at -0.762 0 180) (size 0.635 1.143)
      (layers F.Cu F.Paste F.Mask)
      (net 52 VCC)
    )
    (pad 2 smd rect (at 0.762 0 180) (size 0.635 1.143)
      (layers F.Cu F.Paste F.Mask)
      (net 20 GND)
    )
    (model smd\capacitors\C0603.wrl
      (at (xyz 0 0 0.001))
      (scale (xyz 0.5 0.5 0.5))
      (rotate (xyz 0 0 0))
    )
  )

  (module SM0603_Capa (layer B.Cu) (tedit 5051B1EC) (tstamp 518F53DB)
    (at 151.1808 63.1952 225)
    (path /518EB092)
    (attr smd)
    (fp_text reference C3 (at 0 0 495) (layer B.SilkS)
      (effects (font (size 0.508 0.4572) (thickness 0.1143)) (justify mirror))
    )
    (fp_text value 100nF (at -1.651 0 495) (layer B.SilkS)
      (effects (font (size 0.508 0.4572) (thickness 0.1143)) (justify mirror))
    )
    (fp_line (start 0.50038 -0.65024) (end 1.19888 -0.65024) (layer B.SilkS) (width 0.11938))
    (fp_line (start -0.50038 -0.65024) (end -1.19888 -0.65024) (layer B.SilkS) (width 0.11938))
    (fp_line (start 0.50038 0.65024) (end 1.19888 0.65024) (layer B.SilkS) (width 0.11938))
    (fp_line (start -1.19888 0.65024) (end -0.50038 0.65024) (layer B.SilkS) (width 0.11938))
    (fp_line (start 1.19888 0.635) (end 1.19888 -0.635) (layer B.SilkS) (width 0.11938))
    (fp_line (start -1.19888 -0.635) (end -1.19888 0.635) (layer B.SilkS) (width 0.11938))
    (pad 1 smd rect (at -0.762 0 225) (size 0.635 1.143)
      (layers B.Cu B.Paste B.Mask)
      (net 52 VCC)
    )
    (pad 2 smd rect (at 0.762 0 225) (size 0.635 1.143)
      (layers B.Cu B.Paste B.Mask)
      (net 20 GND)
    )
    (model smd\capacitors\C0603.wrl
      (at (xyz 0 0 0.001))
      (scale (xyz 0.5 0.5 0.5))
      (rotate (xyz 0 0 0))
    )
  )

  (module SM0603_Capa (layer F.Cu) (tedit 5051B1EC) (tstamp 518F53E7)
    (at 150.3045 63.754)
    (path /518EC10F)
    (attr smd)
    (fp_text reference C4 (at 0 0 90) (layer F.SilkS)
      (effects (font (size 0.508 0.4572) (thickness 0.1143)))
    )
    (fp_text value 100nF (at -1.651 0 90) (layer F.SilkS)
      (effects (font (size 0.508 0.4572) (thickness 0.1143)))
    )
    (fp_line (start 0.50038 0.65024) (end 1.19888 0.65024) (layer F.SilkS) (width 0.11938))
    (fp_line (start -0.50038 0.65024) (end -1.19888 0.65024) (layer F.SilkS) (width 0.11938))
    (fp_line (start 0.50038 -0.65024) (end 1.19888 -0.65024) (layer F.SilkS) (width 0.11938))
    (fp_line (start -1.19888 -0.65024) (end -0.50038 -0.65024) (layer F.SilkS) (width 0.11938))
    (fp_line (start 1.19888 -0.635) (end 1.19888 0.635) (layer F.SilkS) (width 0.11938))
    (fp_line (start -1.19888 0.635) (end -1.19888 -0.635) (layer F.SilkS) (width 0.11938))
    (pad 1 smd rect (at -0.762 0) (size 0.635 1.143)
      (layers F.Cu F.Paste F.Mask)
      (net 47 N-0000051)
    )
    (pad 2 smd rect (at 0.762 0) (size 0.635 1.143)
      (layers F.Cu F.Paste F.Mask)
      (net 20 GND)
    )
    (model smd\capacitors\C0603.wrl
      (at (xyz 0 0 0.001))
      (scale (xyz 0.5 0.5 0.5))
      (rotate (xyz 0 0 0))
    )
  )

  (module SM0603_Capa (layer F.Cu) (tedit 51A28488) (tstamp 518F53FE)
    (at 141.8336 61.1632 180)
    (path /518EAEDC)
    (attr smd)
    (fp_text reference C6 (at 0.1016 -1.5748 180) (layer F.SilkS)
      (effects (font (size 0.8128 0.8128) (thickness 0.15)))
    )
    (fp_text value 100nF (at -1.651 0 270) (layer F.SilkS)
      (effects (font (size 0.508 0.4572) (thickness 0.1143)))
    )
    (fp_line (start 0.50038 0.65024) (end 1.19888 0.65024) (layer F.SilkS) (width 0.11938))
    (fp_line (start -0.50038 0.65024) (end -1.19888 0.65024) (layer F.SilkS) (width 0.11938))
    (fp_line (start 0.50038 -0.65024) (end 1.19888 -0.65024) (layer F.SilkS) (width 0.11938))
    (fp_line (start -1.19888 -0.65024) (end -0.50038 -0.65024) (layer F.SilkS) (width 0.11938))
    (fp_line (start 1.19888 -0.635) (end 1.19888 0.635) (layer F.SilkS) (width 0.11938))
    (fp_line (start -1.19888 0.635) (end -1.19888 -0.635) (layer F.SilkS) (width 0.11938))
    (pad 1 smd rect (at -0.762 0 180) (size 0.635 1.143)
      (layers F.Cu F.Paste F.Mask)
      (net 53 VDD)
    )
    (pad 2 smd rect (at 0.762 0 180) (size 0.635 1.143)
      (layers F.Cu F.Paste F.Mask)
      (net 20 GND)
    )
    (model smd\capacitors\C0603.wrl
      (at (xyz 0 0 0.001))
      (scale (xyz 0.5 0.5 0.5))
      (rotate (xyz 0 0 0))
    )
  )

  (module SM0603_Capa (layer B.Cu) (tedit 5051B1EC) (tstamp 518F540A)
    (at 134.62 60.833)
    (path /518EA9A8)
    (attr smd)
    (fp_text reference C7 (at 0 0 270) (layer B.SilkS)
      (effects (font (size 0.508 0.4572) (thickness 0.1143)) (justify mirror))
    )
    (fp_text value 100nF (at -1.651 0 270) (layer B.SilkS)
      (effects (font (size 0.508 0.4572) (thickness 0.1143)) (justify mirror))
    )
    (fp_line (start 0.50038 -0.65024) (end 1.19888 -0.65024) (layer B.SilkS) (width 0.11938))
    (fp_line (start -0.50038 -0.65024) (end -1.19888 -0.65024) (layer B.SilkS) (width 0.11938))
    (fp_line (start 0.50038 0.65024) (end 1.19888 0.65024) (layer B.SilkS) (width 0.11938))
    (fp_line (start -1.19888 0.65024) (end -0.50038 0.65024) (layer B.SilkS) (width 0.11938))
    (fp_line (start 1.19888 0.635) (end 1.19888 -0.635) (layer B.SilkS) (width 0.11938))
    (fp_line (start -1.19888 -0.635) (end -1.19888 0.635) (layer B.SilkS) (width 0.11938))
    (pad 1 smd rect (at -0.762 0) (size 0.635 1.143)
      (layers B.Cu B.Paste B.Mask)
      (net 51 VAA)
    )
    (pad 2 smd rect (at 0.762 0) (size 0.635 1.143)
      (layers B.Cu B.Paste B.Mask)
      (net 20 GND)
    )
    (model smd\capacitors\C0603.wrl
      (at (xyz 0 0 0.001))
      (scale (xyz 0.5 0.5 0.5))
      (rotate (xyz 0 0 0))
    )
  )

  (module SM0603_Capa (layer F.Cu) (tedit 51A284BA) (tstamp 518F5416)
    (at 140.0048 56.9976 180)
    (path /518EAEF1)
    (attr smd)
    (fp_text reference C8 (at 1.1938 5.0546 360) (layer F.SilkS)
      (effects (font (size 0.8128 0.8128) (thickness 0.15)))
    )
    (fp_text value 100nF (at -1.651 0 270) (layer F.SilkS)
      (effects (font (size 0.508 0.4572) (thickness 0.1143)))
    )
    (fp_line (start 0.50038 0.65024) (end 1.19888 0.65024) (layer F.SilkS) (width 0.11938))
    (fp_line (start -0.50038 0.65024) (end -1.19888 0.65024) (layer F.SilkS) (width 0.11938))
    (fp_line (start 0.50038 -0.65024) (end 1.19888 -0.65024) (layer F.SilkS) (width 0.11938))
    (fp_line (start -1.19888 -0.65024) (end -0.50038 -0.65024) (layer F.SilkS) (width 0.11938))
    (fp_line (start 1.19888 -0.635) (end 1.19888 0.635) (layer F.SilkS) (width 0.11938))
    (fp_line (start -1.19888 0.635) (end -1.19888 -0.635) (layer F.SilkS) (width 0.11938))
    (pad 1 smd rect (at -0.762 0 180) (size 0.635 1.143)
      (layers F.Cu F.Paste F.Mask)
      (net 51 VAA)
    )
    (pad 2 smd rect (at 0.762 0 180) (size 0.635 1.143)
      (layers F.Cu F.Paste F.Mask)
      (net 20 GND)
    )
    (model smd\capacitors\C0603.wrl
      (at (xyz 0 0 0.001))
      (scale (xyz 0.5 0.5 0.5))
      (rotate (xyz 0 0 0))
    )
  )

  (module SM0603_Capa (layer F.Cu) (tedit 51A284B6) (tstamp 518F5422)
    (at 140.0048 55.118 180)
    (path /518EAF10)
    (attr smd)
    (fp_text reference C9 (at 1.1938 4.191 360) (layer F.SilkS)
      (effects (font (size 0.8128 0.8128) (thickness 0.15)))
    )
    (fp_text value 10nF (at -1.651 0 270) (layer F.SilkS)
      (effects (font (size 0.508 0.4572) (thickness 0.1143)))
    )
    (fp_line (start 0.50038 0.65024) (end 1.19888 0.65024) (layer F.SilkS) (width 0.11938))
    (fp_line (start -0.50038 0.65024) (end -1.19888 0.65024) (layer F.SilkS) (width 0.11938))
    (fp_line (start 0.50038 -0.65024) (end 1.19888 -0.65024) (layer F.SilkS) (width 0.11938))
    (fp_line (start -1.19888 -0.65024) (end -0.50038 -0.65024) (layer F.SilkS) (width 0.11938))
    (fp_line (start 1.19888 -0.635) (end 1.19888 0.635) (layer F.SilkS) (width 0.11938))
    (fp_line (start -1.19888 0.635) (end -1.19888 -0.635) (layer F.SilkS) (width 0.11938))
    (pad 1 smd rect (at -0.762 0 180) (size 0.635 1.143)
      (layers F.Cu F.Paste F.Mask)
      (net 51 VAA)
    )
    (pad 2 smd rect (at 0.762 0 180) (size 0.635 1.143)
      (layers F.Cu F.Paste F.Mask)
      (net 20 GND)
    )
    (model smd\capacitors\C0603.wrl
      (at (xyz 0 0 0.001))
      (scale (xyz 0.5 0.5 0.5))
      (rotate (xyz 0 0 0))
    )
  )

  (module SM0603_Capa (layer F.Cu) (tedit 51A284B3) (tstamp 518F542E)
    (at 140.0048 53.2384 180)
    (path /518EAF1B)
    (attr smd)
    (fp_text reference C10 (at 0.8128 3.4544 360) (layer F.SilkS)
      (effects (font (size 0.8128 0.8128) (thickness 0.15)))
    )
    (fp_text value 1nF (at -1.651 0 270) (layer F.SilkS)
      (effects (font (size 0.508 0.4572) (thickness 0.1143)))
    )
    (fp_line (start 0.50038 0.65024) (end 1.19888 0.65024) (layer F.SilkS) (width 0.11938))
    (fp_line (start -0.50038 0.65024) (end -1.19888 0.65024) (layer F.SilkS) (width 0.11938))
    (fp_line (start 0.50038 -0.65024) (end 1.19888 -0.65024) (layer F.SilkS) (width 0.11938))
    (fp_line (start -1.19888 -0.65024) (end -0.50038 -0.65024) (layer F.SilkS) (width 0.11938))
    (fp_line (start 1.19888 -0.635) (end 1.19888 0.635) (layer F.SilkS) (width 0.11938))
    (fp_line (start -1.19888 0.635) (end -1.19888 -0.635) (layer F.SilkS) (width 0.11938))
    (pad 1 smd rect (at -0.762 0 180) (size 0.635 1.143)
      (layers F.Cu F.Paste F.Mask)
      (net 51 VAA)
    )
    (pad 2 smd rect (at 0.762 0 180) (size 0.635 1.143)
      (layers F.Cu F.Paste F.Mask)
      (net 20 GND)
    )
    (model smd\capacitors\C0603.wrl
      (at (xyz 0 0 0.001))
      (scale (xyz 0.5 0.5 0.5))
      (rotate (xyz 0 0 0))
    )
  )

  (module SM0603_Capa (layer B.Cu) (tedit 5051B1EC) (tstamp 518F5445)
    (at 124.9172 56.2864 270)
    (path /518EAA72)
    (attr smd)
    (fp_text reference C12 (at 0 0 540) (layer B.SilkS)
      (effects (font (size 0.508 0.4572) (thickness 0.1143)) (justify mirror))
    )
    (fp_text value 100nF (at -1.651 0 540) (layer B.SilkS)
      (effects (font (size 0.508 0.4572) (thickness 0.1143)) (justify mirror))
    )
    (fp_line (start 0.50038 -0.65024) (end 1.19888 -0.65024) (layer B.SilkS) (width 0.11938))
    (fp_line (start -0.50038 -0.65024) (end -1.19888 -0.65024) (layer B.SilkS) (width 0.11938))
    (fp_line (start 0.50038 0.65024) (end 1.19888 0.65024) (layer B.SilkS) (width 0.11938))
    (fp_line (start -1.19888 0.65024) (end -0.50038 0.65024) (layer B.SilkS) (width 0.11938))
    (fp_line (start 1.19888 0.635) (end 1.19888 -0.635) (layer B.SilkS) (width 0.11938))
    (fp_line (start -1.19888 -0.635) (end -1.19888 0.635) (layer B.SilkS) (width 0.11938))
    (pad 1 smd rect (at -0.762 0 270) (size 0.635 1.143)
      (layers B.Cu B.Paste B.Mask)
      (net 51 VAA)
    )
    (pad 2 smd rect (at 0.762 0 270) (size 0.635 1.143)
      (layers B.Cu B.Paste B.Mask)
      (net 20 GND)
    )
    (model smd\capacitors\C0603.wrl
      (at (xyz 0 0 0.001))
      (scale (xyz 0.5 0.5 0.5))
      (rotate (xyz 0 0 0))
    )
  )

  (module SM0603_Capa (layer F.Cu) (tedit 5051B1EC) (tstamp 518F5451)
    (at 132.842 85.344)
    (path /518EC39A)
    (attr smd)
    (fp_text reference C13 (at 0 0 90) (layer F.SilkS)
      (effects (font (size 0.508 0.4572) (thickness 0.1143)))
    )
    (fp_text value 22pF (at -1.651 0 90) (layer F.SilkS)
      (effects (font (size 0.508 0.4572) (thickness 0.1143)))
    )
    (fp_line (start 0.50038 0.65024) (end 1.19888 0.65024) (layer F.SilkS) (width 0.11938))
    (fp_line (start -0.50038 0.65024) (end -1.19888 0.65024) (layer F.SilkS) (width 0.11938))
    (fp_line (start 0.50038 -0.65024) (end 1.19888 -0.65024) (layer F.SilkS) (width 0.11938))
    (fp_line (start -1.19888 -0.65024) (end -0.50038 -0.65024) (layer F.SilkS) (width 0.11938))
    (fp_line (start 1.19888 -0.635) (end 1.19888 0.635) (layer F.SilkS) (width 0.11938))
    (fp_line (start -1.19888 0.635) (end -1.19888 -0.635) (layer F.SilkS) (width 0.11938))
    (pad 1 smd rect (at -0.762 0) (size 0.635 1.143)
      (layers F.Cu F.Paste F.Mask)
      (net 34 N-0000034)
    )
    (pad 2 smd rect (at 0.762 0) (size 0.635 1.143)
      (layers F.Cu F.Paste F.Mask)
      (net 20 GND)
    )
    (model smd\capacitors\C0603.wrl
      (at (xyz 0 0 0.001))
      (scale (xyz 0.5 0.5 0.5))
      (rotate (xyz 0 0 0))
    )
  )

  (module SM0603_Capa (layer F.Cu) (tedit 5051B1EC) (tstamp 518F545D)
    (at 134.112 87.503 90)
    (path /518EC394)
    (attr smd)
    (fp_text reference C14 (at 0 0 180) (layer F.SilkS)
      (effects (font (size 0.508 0.4572) (thickness 0.1143)))
    )
    (fp_text value 22pF (at -1.651 0 180) (layer F.SilkS)
      (effects (font (size 0.508 0.4572) (thickness 0.1143)))
    )
    (fp_line (start 0.50038 0.65024) (end 1.19888 0.65024) (layer F.SilkS) (width 0.11938))
    (fp_line (start -0.50038 0.65024) (end -1.19888 0.65024) (layer F.SilkS) (width 0.11938))
    (fp_line (start 0.50038 -0.65024) (end 1.19888 -0.65024) (layer F.SilkS) (width 0.11938))
    (fp_line (start -1.19888 -0.65024) (end -0.50038 -0.65024) (layer F.SilkS) (width 0.11938))
    (fp_line (start 1.19888 -0.635) (end 1.19888 0.635) (layer F.SilkS) (width 0.11938))
    (fp_line (start -1.19888 0.635) (end -1.19888 -0.635) (layer F.SilkS) (width 0.11938))
    (pad 1 smd rect (at -0.762 0 90) (size 0.635 1.143)
      (layers F.Cu F.Paste F.Mask)
      (net 35 N-0000035)
    )
    (pad 2 smd rect (at 0.762 0 90) (size 0.635 1.143)
      (layers F.Cu F.Paste F.Mask)
      (net 20 GND)
    )
    (model smd\capacitors\C0603.wrl
      (at (xyz 0 0 0.001))
      (scale (xyz 0.5 0.5 0.5))
      (rotate (xyz 0 0 0))
    )
  )

  (module SM0603_Capa (layer F.Cu) (tedit 5051B1EC) (tstamp 518F5469)
    (at 148.082 81.534 90)
    (path /518EBAF5)
    (attr smd)
    (fp_text reference C15 (at 0 0 180) (layer F.SilkS)
      (effects (font (size 0.508 0.4572) (thickness 0.1143)))
    )
    (fp_text value 100nF (at -1.651 0 180) (layer F.SilkS)
      (effects (font (size 0.508 0.4572) (thickness 0.1143)))
    )
    (fp_line (start 0.50038 0.65024) (end 1.19888 0.65024) (layer F.SilkS) (width 0.11938))
    (fp_line (start -0.50038 0.65024) (end -1.19888 0.65024) (layer F.SilkS) (width 0.11938))
    (fp_line (start 0.50038 -0.65024) (end 1.19888 -0.65024) (layer F.SilkS) (width 0.11938))
    (fp_line (start -1.19888 -0.65024) (end -0.50038 -0.65024) (layer F.SilkS) (width 0.11938))
    (fp_line (start 1.19888 -0.635) (end 1.19888 0.635) (layer F.SilkS) (width 0.11938))
    (fp_line (start -1.19888 0.635) (end -1.19888 -0.635) (layer F.SilkS) (width 0.11938))
    (pad 1 smd rect (at -0.762 0 90) (size 0.635 1.143)
      (layers F.Cu F.Paste F.Mask)
      (net 53 VDD)
    )
    (pad 2 smd rect (at 0.762 0 90) (size 0.635 1.143)
      (layers F.Cu F.Paste F.Mask)
      (net 20 GND)
    )
    (model smd\capacitors\C0603.wrl
      (at (xyz 0 0 0.001))
      (scale (xyz 0.5 0.5 0.5))
      (rotate (xyz 0 0 0))
    )
  )

  (module SM0603_Capa (layer B.Cu) (tedit 518F67C2) (tstamp 51A07365)
    (at 140.716 80.899 90)
    (path /518EB215)
    (attr smd)
    (fp_text reference C16 (at 0 0 360) (layer B.SilkS)
      (effects (font (size 0.508 0.4572) (thickness 0.1143)) (justify mirror))
    )
    (fp_text value 100nF (at -1.651 0 360) (layer B.SilkS)
      (effects (font (size 0.508 0.4572) (thickness 0.1143)) (justify mirror))
    )
    (fp_line (start 0.50038 -0.65024) (end 1.19888 -0.65024) (layer B.SilkS) (width 0.11938))
    (fp_line (start -0.50038 -0.65024) (end -1.19888 -0.65024) (layer B.SilkS) (width 0.11938))
    (fp_line (start 0.50038 0.65024) (end 1.19888 0.65024) (layer B.SilkS) (width 0.11938))
    (fp_line (start -1.19888 0.65024) (end -0.50038 0.65024) (layer B.SilkS) (width 0.11938))
    (fp_line (start 1.19888 0.635) (end 1.19888 -0.635) (layer B.SilkS) (width 0.11938))
    (fp_line (start -1.19888 -0.635) (end -1.19888 0.635) (layer B.SilkS) (width 0.11938))
    (pad 1 smd rect (at -0.762 0 90) (size 0.635 1.143)
      (layers B.Cu B.Paste B.Mask)
      (net 53 VDD)
    )
    (pad 2 smd rect (at 0.762 0 90) (size 0.635 1.143)
      (layers B.Cu B.Paste B.Mask)
      (net 20 GND)
    )
    (model smd\capacitors\C0603.wrl
      (at (xyz 0 0 0.001))
      (scale (xyz 0.5 0.5 0.5))
      (rotate (xyz 0 0 0))
    )
  )

  (module SM0805 (layer F.Cu) (tedit 5091495C) (tstamp 518F54A7)
    (at 150.3045 65.659 180)
    (path /518EC0FD)
    (attr smd)
    (fp_text reference L1 (at 0 -0.3175 180) (layer F.SilkS)
      (effects (font (size 0.50038 0.50038) (thickness 0.10922)))
    )
    (fp_text value "FERITE BEAD" (at 0 0.381 180) (layer F.SilkS)
      (effects (font (size 0.50038 0.50038) (thickness 0.10922)))
    )
    (fp_circle (center -1.651 0.762) (end -1.651 0.635) (layer F.SilkS) (width 0.09906))
    (fp_line (start -0.508 0.762) (end -1.524 0.762) (layer F.SilkS) (width 0.09906))
    (fp_line (start -1.524 0.762) (end -1.524 -0.762) (layer F.SilkS) (width 0.09906))
    (fp_line (start -1.524 -0.762) (end -0.508 -0.762) (layer F.SilkS) (width 0.09906))
    (fp_line (start 0.508 -0.762) (end 1.524 -0.762) (layer F.SilkS) (width 0.09906))
    (fp_line (start 1.524 -0.762) (end 1.524 0.762) (layer F.SilkS) (width 0.09906))
    (fp_line (start 1.524 0.762) (end 0.508 0.762) (layer F.SilkS) (width 0.09906))
    (pad 1 smd rect (at -0.9525 0 180) (size 0.889 1.397)
      (layers F.Cu F.Paste F.Mask)
      (net 52 VCC)
    )
    (pad 2 smd rect (at 0.9525 0 180) (size 0.889 1.397)
      (layers F.Cu F.Paste F.Mask)
      (net 47 N-0000051)
    )
    (model smd/chip_cms.wrl
      (at (xyz 0 0 0))
      (scale (xyz 0.1 0.1 0.1))
      (rotate (xyz 0 0 0))
    )
  )

  (module SM0805 (layer F.Cu) (tedit 51A2847A) (tstamp 518F54B4)
    (at 141.6812 59.182 180)
    (path /518EAEA1)
    (attr smd)
    (fp_text reference L2 (at -2.5908 -0.127 360) (layer F.SilkS)
      (effects (font (size 0.8128 0.8128) (thickness 0.15)))
    )
    (fp_text value "FERITE BEAD" (at 0 0.381 180) (layer F.SilkS)
      (effects (font (size 0.50038 0.50038) (thickness 0.10922)))
    )
    (fp_circle (center -1.651 0.762) (end -1.651 0.635) (layer F.SilkS) (width 0.09906))
    (fp_line (start -0.508 0.762) (end -1.524 0.762) (layer F.SilkS) (width 0.09906))
    (fp_line (start -1.524 0.762) (end -1.524 -0.762) (layer F.SilkS) (width 0.09906))
    (fp_line (start -1.524 -0.762) (end -0.508 -0.762) (layer F.SilkS) (width 0.09906))
    (fp_line (start 0.508 -0.762) (end 1.524 -0.762) (layer F.SilkS) (width 0.09906))
    (fp_line (start 1.524 -0.762) (end 1.524 0.762) (layer F.SilkS) (width 0.09906))
    (fp_line (start 1.524 0.762) (end 0.508 0.762) (layer F.SilkS) (width 0.09906))
    (pad 1 smd rect (at -0.9525 0 180) (size 0.889 1.397)
      (layers F.Cu F.Paste F.Mask)
      (net 53 VDD)
    )
    (pad 2 smd rect (at 0.9525 0 180) (size 0.889 1.397)
      (layers F.Cu F.Paste F.Mask)
      (net 51 VAA)
    )
    (model smd/chip_cms.wrl
      (at (xyz 0 0 0))
      (scale (xyz 0.1 0.1 0.1))
      (rotate (xyz 0 0 0))
    )
  )

  (module HC-49V (layer B.Cu) (tedit 4C5EC450) (tstamp 518F5585)
    (at 132.334 87.884 135)
    (descr "Quartz boitier HC-49 Vertical")
    (tags "QUARTZ DEV")
    (path /518EC2FB)
    (autoplace_cost180 10)
    (fp_text reference X1 (at 0 3.81 135) (layer B.SilkS)
      (effects (font (thickness 0.3048)) (justify mirror))
    )
    (fp_text value CRYSTAL (at 0 -3.81 135) (layer B.SilkS)
      (effects (font (thickness 0.3048)) (justify mirror))
    )
    (fp_line (start -3.175 -2.54) (end 3.175 -2.54) (layer B.SilkS) (width 0.3175))
    (fp_line (start -3.175 2.54) (end 3.175 2.54) (layer B.SilkS) (width 0.3175))
    (fp_arc (start 3.175 0) (end 3.175 2.54) (angle -90) (layer B.SilkS) (width 0.3175))
    (fp_arc (start 3.175 0) (end 5.715 0) (angle -90) (layer B.SilkS) (width 0.3175))
    (fp_arc (start -3.175 0) (end -5.715 0) (angle -90) (layer B.SilkS) (width 0.3175))
    (fp_arc (start -3.175 0) (end -3.175 -2.54) (angle -90) (layer B.SilkS) (width 0.3175))
    (pad 1 thru_hole circle (at -2.54 0 135) (size 1.4224 1.4224) (drill 0.762)
      (layers *.Cu *.Mask B.SilkS)
      (net 35 N-0000035)
    )
    (pad 2 thru_hole circle (at 2.54 0 135) (size 1.4224 1.4224) (drill 0.762)
      (layers *.Cu *.Mask B.SilkS)
      (net 34 N-0000034)
    )
    (model discret/xtal/crystal_hc18u_vertical.wrl
      (at (xyz 0 0 0))
      (scale (xyz 1 1 0.2))
      (rotate (xyz 0 0 0))
    )
  )

  (module SO8N (layer F.Cu) (tedit 45127296) (tstamp 518F55CB)
    (at 144.907 86.233 270)
    (descr "Module CMS SOJ 8 pins large")
    (tags "CMS SOJ")
    (path /518EB3C7)
    (attr smd)
    (fp_text reference IC1 (at 0 -1.27 270) (layer F.SilkS)
      (effects (font (size 1.143 1.016) (thickness 0.127)))
    )
    (fp_text value SP3485CN (at 0 1.27 270) (layer F.SilkS)
      (effects (font (size 1.016 1.016) (thickness 0.127)))
    )
    (fp_line (start -2.54 -2.286) (end 2.54 -2.286) (layer F.SilkS) (width 0.127))
    (fp_line (start 2.54 -2.286) (end 2.54 2.286) (layer F.SilkS) (width 0.127))
    (fp_line (start 2.54 2.286) (end -2.54 2.286) (layer F.SilkS) (width 0.127))
    (fp_line (start -2.54 2.286) (end -2.54 -2.286) (layer F.SilkS) (width 0.127))
    (fp_line (start -2.54 -0.762) (end -2.032 -0.762) (layer F.SilkS) (width 0.127))
    (fp_line (start -2.032 -0.762) (end -2.032 0.508) (layer F.SilkS) (width 0.127))
    (fp_line (start -2.032 0.508) (end -2.54 0.508) (layer F.SilkS) (width 0.127))
    (pad 8 smd rect (at -1.905 -3.175 270) (size 0.508 1.143)
      (layers F.Cu F.Paste F.Mask)
      (net 53 VDD)
    )
    (pad 7 smd rect (at -0.635 -3.175 270) (size 0.508 1.143)
      (layers F.Cu F.Paste F.Mask)
      (net 32 N-0000031)
    )
    (pad 6 smd rect (at 0.635 -3.175 270) (size 0.508 1.143)
      (layers F.Cu F.Paste F.Mask)
      (net 33 N-0000032)
    )
    (pad 5 smd rect (at 1.905 -3.175 270) (size 0.508 1.143)
      (layers F.Cu F.Paste F.Mask)
      (net 20 GND)
    )
    (pad 4 smd rect (at 1.905 3.175 270) (size 0.508 1.143)
      (layers F.Cu F.Paste F.Mask)
      (net 17 /TX)
    )
    (pad 3 smd rect (at 0.635 3.175 270) (size 0.508 1.143)
